0,1,2,3,4,5
-0.20088733201387154,-0.9918561140775037,-0.6073908694282096,0.035898648149129055,-0.3856715710728591,0.4732312247877546
-0.6171087010289049,0.41355969860750097,-0.8990854653938678,0.15849388265661357,-0.10829093841231957,0.623548250892979
0.27382054647971454,0.08366110188169036,-0.303266304508123,-0.4444948098829727,-0.15020515024261666,0.4445956502636713
-0.595143465084664,-0.202213775826353,-0.8781860717511678,0.03693178468992376,-0.5204018684862685,0.3412290664594993
-0.47970657360567676,-0.3297553261755981,-0.914693900964717,-0.6810990049803876,-0.6894707742123347,0.01272152900602335
-0.2953489963444958,1.0660068741187847,-1.0819381101113128,-1.7483043080588632,-1.2789413099628482,0.4232826730073821
-1.9227542359642171,-2.9968134153276353,-2.241831094505145,-1.1326041902078818,-1.7385422577020602,-0.5697673157133684
1.5763323026296787,1.3354832626286635,1.3329148408877463,1.2859854347452413,1.4305498346267955,0.7803651687783895
0.43629461832057276,-1.1118787560124657,0.1395689405803638,-0.06386767600321716,0.1939482696100944,-0.04896662730377513
2.034638201422935,1.9213123963533278,1.7108858947261756,0.37002994773471826,1.1061307469610586,1.051970837494666
-2.0573254131321,-1.0212705087059024,-2.387320477184775,-2.079687714857907,-2.15521876882096,0.2434485452426611
1.1557501447821406,0.8144269079858825,0.8406315157956563,1.3728666495235577,1.185074311713265,0.30942091146684314
1.3291905107889799,0.40212646998611523,1.077046521622336,-0.3637336621217384,0.4441781780253136,-0.7720828778738317
-0.7978749311202831,0.8496062566012623,-1.1828293449367957,-0.7418186587825676,-1.1441939176384839,-1.2689170348271628
0.2270520887038715,-0.1699801635339275,-0.7690417760012715,-1.1115153809574656,-0.9977000244764134,-2.1096422849960756
2.5963386784343885,-1.0435139212320685,2.004498323447834,0.5033763765729945,1.2919180001022152,-2.0153994372550357
2.8916184417426343,-2.3931576832028556,1.8386561111804645,0.009194806332070768,0.9795716748273289,-4.055484128493429
-0.432382569661908,0.13978883712761014,-0.467827098934868,-0.6921843560764238,-0.8215910841678975,0.7154721299425792
0.10068656141377136,-1.3313462574367267,-0.4221088040061201,-1.0121172983715818,-1.1890468827903489,-0.4092885010078121
-0.7335370278040553,0.8833950935406933,-0.5375028438207277,-0.26599031313003857,-0.7768201012371394,0.6486110583479975
0.18272486876007624,1.1124081890665865,0.05949855652792257,-0.5691941829561556,-0.5649047427415879,0.5947595406891859
-0.5819465079637139,0.6308543017432943,-0.6559117733330598,-0.9318522872352254,-1.3567909001764893,0.22682175905999388
0.9131760786467545,0.23008735243425163,1.1050196737028097,0.5482341532834292,0.7028971351511033,0.9954657656358814
0.022970371810335375,-0.6906348811132262,0.1149159759079287,-0.49608120602484806,-0.1774441557672881,0.8753447825826173
0.5619480406127714,0.5322855242884555,0.6231050323444238,-0.09104949365041709,0.3069350583133235,0.9058419127131738
0.7527783065590411,-0.10444707892622467,0.34537778589718204,-0.9447698966812185,-0.28063507836473567,-0.4917391038295262
0.43818623403200413,0.9367501604404936,0.4385131149964237,0.01193300292274643,0.380237377610513,0.6972559628966731
0.24201839489589888,-0.2736992052649203,0.7258765922170434,0.29266408313842407,0.4590097615174037,-0.1812730630372873
1.1580370151516994,-1.043988366203047,-0.48606645422940475,-3.0625931429440953,-1.7894878403751961,-1.7776407416629694
1.6507102455225144,0.2310947274166558,2.5985067586907244,1.181819419563515,1.9583170507448626,-0.04844480949934704
-0.8546348274055812,1.9290252602588915,-0.5325608610687966,-1.2097750685706765,-0.909104759805531,0.1935412683134604
-0.3025290414619705,-0.21318270484091978,0.7263123684866023,-0.38610027206807535,0.09463623980576784,0.056360013442516926
1.0010919170365864,1.9746459789525554,1.419840840872806,2.283284515510397,2.204643852663315,-0.9099390862289132
-0.33109979136358175,-0.03237202479416486,0.18787577143648798,1.2676351740929457,0.953139792831152,-0.6074416838532444
-0.7989667023602981,0.3506954415598168,-0.29777728585460356,0.6811322083326544,0.26109365413653085,-0.5114549238013412
-0.8410093216549089,-0.4455855455682676,-0.37629313236251744,0.9475973819591732,0.23181591730486772,-0.6065025314425235
1.3893311445474354,-1.0129799558293866,1.3506445820129196,2.6144102075808275,2.476525881360451,-1.5636321338027837
-0.47396331684339976,0.3069904063338765,-0.6972798422173513,-0.5811314965006656,-0.943180925961142,0.23832827034777812
0.5915956370670605,-2.0653561929273816,0.27109052130616457,0.08630638167594631,0.18499178052400655,-1.6906543916092232
-0.3057230439301038,-0.21403968971931575,-0.2582683979323636,0.057608010955070996,-0.0032729666213031283,0.35962229663506995
-0.9420993865424784,-0.3165794820633236,-0.9776942367254077,-0.09557045707971071,-0.7045357680326906,-0.06886808440815516
-0.4286298870447531,0.12332708859998175,-0.40086123225291437,-0.18734118429583888,-0.6217583757870442,-0.19503433769246656
-0.704218333623459,-0.23278235482440196,-0.8166455127963054,-0.15220599516609085,-0.44832876035392527,-0.5010728032660101
-1.1177556521938947,1.4815466672159985,-0.7040179132443111,0.4217224730459057,-0.20915678846418503,0.23382093696256728
-1.2043684949180395,0.07693532223021225,-1.2524722575497544,-0.4349815590059927,-0.8325033030887898,-0.6128046229697509
-0.43469422157245824,0.41082761171801857,-0.400146328442002,0.5714128238089314,0.21502567907741824,0.3023611173577179
-0.8095333280957666,0.10256131852430897,-0.6679629472439815,0.6805519715468378,0.1427850353030835,0.14603471219637823
0.06992904212072805,0.8330299251372467,0.9543776846192114,0.3056029094664108,0.7982056561238207,1.2978708479338084
-0.6455622608219899,0.37743981505594276,0.0715858102341845,-0.1628815994827037,-0.05003469398332748,1.1289318851105299
-0.46811726186705555,0.9998555190834926,0.08406194747306646,-0.23804778873110558,0.10663927995260739,1.4419093111709276
-0.3877022187168096,0.6160205857701674,0.5064127642521806,0.6210493319768626,0.679338847098807,1.0554770064946901
0.1288577803717689,0.5227703662793014,0.9317033614222704,0.5447874200540497,0.8632622589287393,1.2930546510487662
0.5762991779221925,-0.8399501733066752,0.21940208638562922,-0.3217268069289735,-0.25228900753298367,0.7725616297665066
-0.5571642447041923,0.3492965748780897,-0.443050127157863,-0.10537787682391143,-0.49592461156109174,1.2232610710668232
-1.1181203752863538,-1.1665891242067208,-0.9076179104464903,0.09868860220643663,-0.475085656277753,0.11135466502291291
0.274081303365968,-1.0403521483311342,1.4863476369728097,2.6658414440805753,2.432669882347072,0.19558746407541724
-1.1355501890105297,-0.7534901863690051,-0.5970226395952438,0.6530386419713767,-0.01300817254313207,0.6025866083601908
